[[10, 10, 10, 10, 10, 10, 10, 10, 10, 10, 10, 10, 10, 10, 10, 10, 10, 10, 10, 10,  0,  0,  0,  0,  0,  0,  0,  0,  0,  0,  0,  0,  0,  0,  0,  0,  0,  0,  0,  0,  0,  6,  6,  6,  6,  6,  6,  6,  6,  6,  6,  6,  6,  6,  6,  6,  6,  6,  6,  6],
[10, 10, 10, 10, 10, 10, 10, 10, 10, 10, 10, 10, 10, 10, 10, 10, 10, 10,  3,  3,  3,  3,  3,  3,  3,  3,  3,  0,  0,  0,  0,  0,  0,  0,  0,  0,  0,  0,  0,  0,  0,  6,  6,  6,  6,  6,  6,  6,  6,  6,  6,  6,  6,  6,  6,  6,  6,  6,  6,  6],
[10, 10, 10, 10, 10, 10, 10, 10, 10, 10, 10, 10, 10, 10, 10, 10, 10, 10,  3,  6,  6,  6,  7,  7,  7,  3,  3,  0,  0,  0,  0,  0,  0,  0,  0,  0,  0,  0,  0,  0,  0,  6,  6,  6,  6,  6,  6,  6,  6,  6,  6,  6,  6,  6,  6,  6,  6,  6,  6,  6],
[10, 10, 10, 10, 10, 10, 10, 10, 10, 10, 10, 10, 10, 10, 10, 10, 10, 10,  3,  7,  7,  7,  3,  3,  3,  3,  3,  0,  0,  0,  0,  0,  0,  0,  0,  0,  0,  0,  0,  0,  0,  6,  6,  6,  6,  6,  6,  6,  6,  6,  6,  6,  6,  6,  6,  6,  6,  6,  6,  6],
[10, 10, 10, 10, 10, 10, 10, 10, 10, 10, 10, 10, 10, 10, 10, 10, 10, 10,  3,  8,  8,  8,  8,  6,  6,  3,  3,  3,  3,  3,  0,  0,  0,  0,  0,  0,  0,  0,  0,  0,  0,  6,  6,  6,  6,  6,  6,  6,  6,  6,  6,  6,  6,  6,  6,  6,  6,  6,  6,  6],
[10, 10, 10, 10, 10, 10, 10, 10, 10, 10, 10, 10, 10, 10, 10, 10, 10, 10,  3,  8,  8,  8,  6,  6,  6,  3,  3,  7,  7,  7,  3,  0,  0,  0,  0,  0,  0,  0,  0,  0,  0,  6,  6,  6,  6,  6,  6,  6,  6,  6,  6,  6,  6,  6,  6,  6,  6,  6,  6,  6],
[10, 10, 10, 10, 10, 10, 10, 10, 10, 10, 10, 10, 10, 10, 10, 10, 10, 10, 10,  3,  7,  7,  3,  3,  3,  7,  7,  7,  7,  7,  7,  3,  0,  0,  0,  0,  0,  0,  0,  0,  0,  6,  6,  6,  6,  6,  6,  6,  6,  6,  6,  6,  6,  6,  6,  6,  6,  6,  6,  6],
[10, 10, 10, 10, 10, 10, 10, 10, 10, 10, 10, 10, 10, 10, 10, 10, 10, 10, 10,  3,  8,  8,  6,  6,  3,  8,  8,  8,  8,  6,  7,  7,  3,  0,  0,  0,  0,  0,  0,  0,  0,  6,  6,  6,  6,  6,  6,  6,  6,  6,  6,  6,  6,  6,  6,  6,  6,  6,  6,  6],
[10, 10, 10, 10, 10, 10, 10, 10, 10, 10, 10, 10, 10, 10, 10, 10, 10, 10, 10, 10,  3,  3,  3,  3,  6,  8,  8,  8,  8,  8,  6,  7,  7,  3,  0,  0,  0,  0,  0,  0,  0,  6,  3,  3,  3,  3,  6,  6,  6,  6,  6,  6,  6,  6,  6,  6,  6,  6,  6,  6],
[10, 10, 10, 10, 10, 10, 10, 10, 10, 10, 10, 10, 10, 10, 10, 10, 10, 10, 10, 10,  3,  8,  6,  3,  7  6,  6,  8,  8,  8,  8,  6,  7,  7,  3,  0,  0,  0,  0,  3,  3,  3,  7,  7,  7,  7,  3,  6,  6,  6,  6,  6,  6,  6,  6,  6,  6,  6,  6,  6],
[10, 10, 10, 10, 10, 10, 10, 10, 10, 10, 10, 10, 10, 10, 10, 10, 10, 10, 10, 10,  3,  8,  6,  3,  7,  7,  7,  3,  6,  8,  8,  8,  7,  7,  3,  0,  0,  0,  3,  7,  7,  7,  7,  7,  7,  7,  7,  3,  6,  6,  6,  6,  6,  6,  6,  6,  6,  6,  6,  6],
[10, 10, 10, 10, 10, 10, 10, 10, 10, 10, 10, 10, 10, 10, 10, 10, 10, 10, 10, 10,  3,  8,  6,  3,  7,  7,  7,  3,  6,  8,  8,  8,  7,  7,  3,  0,  0,  0,  3,  7,  7,  7,  7,  7,  7,  7,  7,  3,  6,  6,  6,  6,  6,  6,  6,  6,  6,  6,  6,  6],
[10, 10, 10, 10, 10, 10, 10, 10, 10, 10, 10, 10, 10, 10, 10, 10, 10, 10, 10, 10,  3,  8,  6,  3,  3,  3,  3,  3,  3,  3,  8,  8,  6,  7,  7,  3,  3,  3,  7,  7,  7,  7,  6,  6,  6,  6,  6,  3,  6,  6,  6,  6,  6,  6,  6,  6,  6,  6,  6,  6],
[10, 10, 10, 10, 10, 10, 10, 10, 10, 10, 10, 10, 10, 10, 10, 10, 10, 10, 10,  3,  7,  8,  6,  7,  3,  0,  0,  3,  0,  3,  6,  8,  8,  6,  7,  7,  7,  7,  7,  6,  8,  8,  8,  8,  8,  6,  6,  3,  6,  6,  6,  6,  6,  6,  6,  6,  6,  6,  6,  6],
[10, 10, 10, 10, 10, 10, 10, 10, 10, 10, 10, 10, 10, 10, 10, 10, 10, 10, 10,  3,  7,  7,  7,  7,  3,  0,  0,  3,  0,  3,  3,  3,  8,  8,  6,  7,  7,  6,  6,  8,  8,  8,  8,  8,  8,  8,  6,  3,  6,  6,  6,  6,  6,  6,  6,  6,  6,  6,  6,  6],
[10, 10, 10, 10, 10, 10, 10, 10, 10, 10, 10, 10, 10, 10, 10, 10, 10, 10, 10,  3,  8,  8,  8,  6,  3,  0,  0,  3,  0,  3,  0,  3,  6,  8,  8,  8,  8,  8,  8,  3,  3,  3,  3,  6,  8,  8,  6,  3,  6,  6,  6,  6,  6,  6,  6,  6,  6,  6,  6,  6],
[10, 10, 10, 10, 10, 10, 10, 10, 10, 10, 10, 10, 10, 10, 10, 10, 10, 10, 10,  3,  8,  8,  6,  6,  3,  0,  0,  3,  0,  3,  0,  3,  3,  3,  8,  8,  8,  8,  6,  3,  0,  6,  3,  7,  8,  8,  6,  3,  6,  6,  6,  6,  6,  6,  6,  6,  6,  6,  6,  6],
[10, 10, 10, 10, 10, 10, 10, 10, 10, 10,  3,  3,  3,  3,  3,  3,  3,  3,  3,  3,  3,  3,  3,  3,  3,  3,  3,  3,  3,  3,  3,  3,  3,  3,  3,  3,  3,  3,  3,  3,  3,  3,  3,  3,  3,  3,  3,  3,  3,  3,  3,  3,  3,  6,  6,  6,  6,  6,  6,  6],
[10, 10, 10, 10, 10, 10, 10, 10, 10, 10,  3,  8,  8,  8,  8,  8,  8,  8,  8,  8,  8,  8,  8,  8,  8,  8,  8,  8,  8,  8,  8,  8,  8,  8,  8,  8,  8,  8,  8,  8,  8,  8,  8,  8,  8,  8,  8,  8,  8,  8,  8,  8,  3,  6,  6,  6,  6,  6,  6,  6],
[10, 10, 10, 10, 10, 10, 10, 10, 10, 10,  3,  8,  8,  8,  3,  8,  3,  3,  3,  8,  8,  8,  3,  8,  3,  3,  3,  8,  3,  3,  3,  8,  3,  3,  3,  8,  3,  8,  8,  8,  3,  3,  3,  8,  3,  3,  3,  8,  3,  3,  8,  8,  3,  6,  6,  6,  6,  6,  6,  6],
[10, 10, 10, 10, 10, 10, 10, 10, 10, 10,  3,  8,  8,  3,  3,  8,  3,  8,  3,  8,  8,  3,  3,  8,  8,  3,  8,  8,  3,  8,  3,  8,  3,  8,  8,  8,  3,  8,  8,  8,  3,  8,  3,  8,  3,  8,  3,  8,  3,  8,  3,  8,  3,  6,  6,  6,  6,  6,  6,  6],
[10, 10, 10, 10, 10, 10, 10, 10, 10, 10,  3,  8,  8,  3,  8,  8,  3,  3,  8,  8,  8,  3,  8,  8,  8,  3,  8,  8,  3,  3,  8,  8,  3,  3,  8,  8,  3,  8,  8,  8,  3,  3,  3,  8,  3,  8,  3,  8,  3,  8,  3,  8,  3,  6,  6,  6,  6,  6,  6,  6],
[10, 10, 10, 10, 10, 10, 10, 10, 10, 10,  3,  8,  3,  3,  8,  8,  3,  8,  3,  8,  3,  3,  8,  8,  8,  3,  8,  8,  3,  8,  3,  8,  3,  8,  8,  8,  3,  8,  8,  8,  3,  8,  3,  8,  3,  8,  3,  8,  3,  8,  3,  8,  3,  6,  6,  6,  6,  6,  6,  6],
[10, 10, 10, 10, 10, 10, 10, 10, 10, 10,  3,  8,  3,  8,  8,  8,  3,  8,  3,  8,  3,  8,  8,  8,  3,  3,  3,  8,  3,  8,  3,  8,  3,  3,  3,  8,  3,  3,  3,  8,  3,  8,  3,  8,  3,  8,  3,  8,  3,  3,  8,  8,  3,  6,  6,  6,  6,  6,  6,  6],
[10, 10, 10, 10, 10, 10, 10, 10, 10, 10,  3,  8,  8,  8,  8,  8,  8,  8,  8,  8,  8,  8,  8,  8,  8,  8,  8,  8,  8,  8,  8,  8,  8,  8,  8,  8,  8,  8,  8,  8,  8,  8,  8,  8,  8,  8,  8,  8,  8,  8,  8,  8,  3,  6,  6,  6,  6,  6,  6,  6],
[10, 10, 10, 10, 10, 10, 10, 10, 10, 10,  3,  3,  3,  3,  3,  3,  3,  3,  3,  3,  3,  3,  3,  3,  3,  3,  3,  3,  3,  3,  3,  3,  3,  3,  3,  3,  3,  3,  3,  3,  3,  3,  3,  3,  3,  3,  3,  3,  3,  3,  3,  3,  3,  6,  6,  6,  6,  6,  6,  6],
[10, 10, 10, 10, 10, 10, 10, 10, 10, 10, 10, 10, 10, 10, 10, 10, 10, 10, 10,  3,  8,  8,  8,  6,  3,  0,  0,  3,  0,  3,  0,  3,  0,  3,  7,  3,  6,  8,  8,  6,  6,  6,  3,  6,  6,  6,  6,  6,  6,  6,  6,  6,  6,  6,  6,  6,  6,  6,  6,  6],
[10, 10, 10, 10, 10, 10, 10, 10, 10, 10, 10, 10, 10, 10, 10, 10, 10, 10, 10,  3,  8,  8,  6,  6,  3,  0,  0,  3,  0,  3,  0,  3,  0,  3,  7,  6,  8,  8,  8,  6,  3,  3,  6,  6,  6,  6,  6,  6,  6,  6,  6,  6,  6,  6,  6,  6,  6,  6,  6,  6],
[10, 10, 10, 10, 10, 10, 10, 10, 10, 10, 10, 10, 10, 10, 10, 10, 10, 10, 10, 10,  3,  3,  3,  3,  0,  0,  0,  3,  0,  3,  0,  3,  3,  3,  6,  8,  8,  8,  6,  6,  3,  3,  6,  6,  6,  6,  6,  6,  6,  6,  6,  6,  6,  6,  6,  6,  6,  6,  6,  6],
[10, 10, 10, 10, 10, 10, 10, 10, 10, 10, 10, 10, 10, 10, 10, 10, 10, 10, 10, 10,  3,  8,  6,  3,  0,  0,  0,  3,  0,  3,  0,  3,  7,  6,  8,  8,  8,  8,  6,  3,  0,  6,  6,  6,  6,  6,  6,  6,  6,  6,  6,  6,  6,  6,  6,  6,  6,  6,  6,  6],
[10, 10, 10, 10, 10, 10, 10, 10, 10, 10, 10, 10, 10, 10, 10, 10, 10, 10, 10, 10,  3,  8,  6,  3,  0,  0,  0,  3,  0,  3,  0,  3,  7,  6,  8,  8,  8,  8,  6,  3,  0,  6,  6,  6,  6,  6,  6,  6,  6,  6,  6,  6,  6,  6,  6,  6,  6,  6,  6,  6],
[10, 10, 10, 10, 10, 10, 10, 10, 10, 10, 10, 10, 10, 10, 10, 10, 10, 10, 10, 10,  3,  8,  6,  3,  0,  0,  0,  3,  0,  3,  3,  3,  7,  8,  8,  8,  8,  6,  6,  3,  0,  6,  6,  6,  6,  6,  6,  6,  6,  6,  6,  6,  6,  6,  6,  6,  6,  6,  6,  6],
[10, 10, 10, 10, 10, 10, 10, 10, 10, 10, 10, 10, 10, 10, 10, 10, 10, 10, 10, 10,  3,  8,  6,  3,  0,  0,  0,  3,  0,  3,  7,  3,  6,  8,  8,  8,  6,  6,  3,  0,  0,  6,  6,  6,  6,  6,  6,  6,  6,  6,  6,  6,  6,  6,  6,  6,  6,  6,  6,  6],
[10, 10, 10, 10, 10, 10, 10, 10, 10, 10, 10, 10, 10, 10, 10, 10, 10, 10, 10,  3,  7,  8,  6,  7,  3,  0,  0,  3,  3,  3,  7,  6,  8,  8,  8,  8,  6,  6,  3,  0,  0,  6,  6,  6,  6,  6,  6,  6,  6,  6,  6,  6,  6,  6,  6,  6,  6,  6,  6,  6],
[10, 10, 10, 10, 10, 10, 10, 10, 10, 10, 10, 10, 10, 10, 10, 10, 10, 10, 10,  3,  7,  7,  7,  7,  3,  0,  0,  3,  7,  3,  6,  8,  8,  8,  8,  6,  6,  3,  0,  0,  0,  6,  6,  6,  6,  6,  6,  6,  6,  6,  6,  6,  6,  6,  6,  6,  6,  6,  6,  6],
[10, 10, 10, 10, 10, 10, 10, 10, 10, 10, 10, 10, 10, 10, 10, 10, 10, 10,  3,  7,  8,  8,  6,  6,  7,  3,  3,  3,  7,  6,  8,  8,  8,  8,  6,  6,  6,  3,  0,  0,  0,  6,  6,  6,  6,  6,  6,  6,  6,  6,  6,  6,  6,  6,  6,  6,  6,  6,  6,  6],
[10, 10, 10, 10, 10, 10, 10, 10, 10, 10, 10, 10, 10, 10, 10, 10, 10, 10,  3,  7,  7,  7,  7,  7,  7,  3,  3,  3,  6,  6,  6,  6,  6,  6,  6,  6,  7,  3,  3,  0,  0,  6,  6,  6,  6,  6,  6,  6,  6,  6,  6,  6,  6,  6,  6,  6,  6,  6,  6,  6],
[10, 10, 10, 10, 10, 10, 10, 10, 10, 10, 10, 10, 10, 10, 10, 10, 10, 10,  3,  6,  8,  8,  8,  8,  6,  3,  3,  3,  3,  7,  7,  7,  7,  7,  3,  3,  3,  3,  3,  0,  0,  6,  6,  6,  6,  6,  6,  6,  6,  6,  6,  6,  6,  6,  6,  6,  6,  6,  6,  6],
[10, 10, 10, 10, 10, 10, 10, 10, 10, 10, 10, 10, 10, 10, 10, 10, 10, 10,  3,  6,  6,  6,  6,  6,  6,  3,  3,  6,  6,  6,  8,  8,  8,  8,  8,  6,  6,  6,  3,  0,  0,  6,  6,  6,  6,  6,  6,  6,  6,  6,  6,  6,  6,  6,  6,  6,  6,  6,  6,  6],
[10, 10, 10, 10, 10, 10, 10, 10, 10, 10, 10, 10, 10, 10, 10, 10, 10, 10,  3,  3,  3,  3,  3,  3,  3,  3,  3,  3,  3,  3,  3,  3,  3,  3,  3,  3,  3,  3,  3,  0,  0,  6,  6,  6,  6,  6,  6,  6,  6,  6,  6,  6,  6,  6,  6,  6,  6,  6,  6,  6],
[10, 10, 10, 10, 10, 10, 10, 10, 10, 10, 10, 10, 10, 10, 10, 10, 10, 10, 10, 10,  0,  0,  0,  0,  0,  0,  0,  0,  0,  0,  0,  0,  0,  0,  0,  0,  0,  0,  0,  0,  0,  6,  6,  6,  6,  6,  6,  6,  6,  6,  6,  6,  6,  6,  6,  6,  6,  6,  6,  6],
[10, 10, 10, 10, 10, 10, 10, 10, 10, 10, 10, 10, 10, 10, 10, 10, 10, 10, 10, 10,  0,  0,  0,  0,  0,  0,  0,  0,  0,  0,  0,  0,  0,  0,  0,  0,  0,  0,  0,  0,  0,  6,  6,  6,  6,  6,  6,  6,  6,  6,  6,  6,  6,  6,  6,  6,  6,  6,  6,  6],
[10, 10, 10, 10, 10, 10, 10, 10, 10, 10, 10, 10, 10, 10, 10, 10, 10, 10, 10, 10,  0,  0,  0,  0,  0,  0,  0,  0,  0,  0,  0,  0,  0,  0,  0,  0,  0,  0,  0,  0,  0,  6,  6,  6,  6,  6,  6,  6,  6,  6,  6,  6,  6,  6,  6,  6,  6,  6,  6,  6],
[10, 10, 10, 10, 10, 10, 10, 10, 10, 10, 10, 10, 10, 10, 10, 10, 10, 10, 10, 10,  0,  0,  0,  0,  0,  0,  0,  0,  0,  0,  0,  0,  0,  0,  0,  0,  0,  0,  0,  0,  0,  6,  6,  6,  6,  6,  6,  6,  6,  6,  6,  6,  6,  6,  6,  6,  6,  6,  6,  6],
[10, 10, 10, 10, 10, 10, 10, 10, 10, 10, 10, 10, 10, 10, 10, 10, 10, 10, 10, 10,  0,  0,  0,  0,  0,  0,  0,  0,  0,  0,  0,  0,  0,  0,  0,  0,  0,  0,  0,  0,  0,  6,  6,  6,  6,  6,  6,  6,  6,  6,  6,  6,  6,  6,  6,  6,  6,  6,  6,  6],
[10, 10, 10, 10, 10, 10, 10, 10, 10, 10, 10, 10, 10, 10, 10, 10, 10, 10, 10, 10,  0,  0,  0,  0,  0,  0,  0,  0,  0,  0,  0,  0,  0,  0,  0,  0,  0,  0,  0,  0,  0,  6,  6,  6,  6,  6,  6,  6,  6,  6,  6,  6,  6,  6,  6,  6,  6,  6,  6,  6],
[10, 10, 10, 10, 10, 10, 10, 10, 10, 10, 10, 10, 10, 10, 10, 10, 10, 10, 10, 10,  0,  0,  0,  0,  0,  0,  0,  0,  0,  0,  0,  0,  0,  0,  0,  0,  0,  0,  0,  0,  0,  6,  6,  6,  6,  6,  6,  6,  6,  6,  6,  6,  6,  6,  6,  6,  6,  6,  6,  6],
[10, 10, 10, 10, 10, 10, 10, 10, 10, 10, 10, 10, 10, 10, 10, 10, 10, 10, 10, 10,  0,  0,  0,  0,  0,  0,  0,  0,  0,  0,  0,  0,  0,  0,  0,  0,  0,  0,  0,  0,  0,  6,  6,  6,  6,  6,  6,  6,  6,  6,  6,  6,  6,  6,  6,  6,  6,  6,  6,  6],
[10, 10, 10, 10, 10, 10, 10, 10, 10, 10, 10, 10, 10, 10, 10, 10, 10, 10, 10, 10,  0,  0,  0,  0,  0,  0,  0,  0,  0,  0,  0,  0,  0,  0,  0,  0,  0,  0,  0,  0,  0,  6,  6,  6,  6,  6,  6,  6,  6,  6,  6,  6,  6,  6,  6,  6,  6,  6,  6,  6],
[10, 10, 10, 10, 10, 10, 10, 10, 10, 10, 10, 10, 10, 10, 10, 10, 10, 10, 10, 10,  0,  0,  0,  0,  0,  0,  0,  0,  0,  0,  0,  0,  0,  0,  0,  0,  0,  0,  0,  0,  0,  6,  6,  6,  6,  6,  6,  6,  6,  6,  6,  6,  6,  6,  6,  6,  6,  6,  6,  6],
[10, 10, 10, 10, 10, 10, 10, 10, 10, 10, 10, 10, 10, 10, 10, 10, 10, 10, 10, 10,  0,  0,  0,  0,  0,  0,  0,  0,  0,  0,  0,  0,  0,  0,  0,  0,  0,  0,  0,  0,  0,  6,  6,  6,  6,  6,  6,  6,  6,  6,  6,  6,  6,  6,  6,  6,  6,  6,  6,  6],
[10, 10, 10, 10, 10, 10, 10, 10, 10, 10, 10, 10, 10, 10, 10, 10, 10, 10, 10, 10,  0,  0,  0,  0,  0,  0,  0,  0,  0,  0,  0,  0,  0,  0,  0,  0,  0,  0,  0,  0,  0,  6,  6,  6,  6,  6,  6,  6,  6,  6,  6,  6,  6,  6,  6,  6,  6,  6,  6,  6],
[10, 10, 10, 10, 10, 10, 10, 10, 10, 10, 10, 10, 10, 10, 10, 10, 10, 10, 10, 10,  0,  0,  0,  0,  0,  0,  0,  0,  0,  0,  0,  0,  0,  0,  0,  0,  0,  0,  0,  0,  0,  6,  6,  6,  6,  6,  6,  6,  6,  6,  6,  6,  6,  6,  6,  6,  6,  6,  6,  6]]